500
4 625855660 3 1
1000000000 1000000000 1 4469475
1000000000 743670139 3 3
3 929445484 2 1
1000000000 100 968047634 19
1000000000 3 3 2
3 1000000000 1 638408569
999999999 1000000000 3 999999999
100 39439397 2 35075686
3 3 2 1
997867345 170075009 374134420 2
100 4 2 1
100 4 3 2
1000000000 999999999 999999999 2
100 100 3 2
2 4 1 3
4 100 3 56
999999999 1000000000 3 1
4 3 2 2
999999999 999999999 2 999999998
515006471 3 3 2
4 100 3 2
4 1000000000 2 3
999999999 3 3 2
999999999 4 999999998 2
3 999999999 2 1
4 100 2 99
820459816 1000000000 228363612 2
1000000000 889034323 2 585497466
999999999 4 1 2
999999999 999999999 1 999999998
999999999 3 132294377 2
100 100 70 2
4 100 2 91
999999999 999999999 3 3
189832940 1000000000 2 3
999999999 1000000000 2 724564983
100 100 3 99
3 999999999 1 701097245
1000000000 1000000000 999999999 2
1000000000 4 3 2
2 1000000000 1 3
3 999999999 1 999999998
100 100 1 2
4 314723735 2 2
690839093 999999999 2 3
999999999 1000000000 2 999999999
2 590064564 1 410727603
1000000000 3 1 1
1000000000 100 999999999 1
135818523 100 127108945 1
4 1000000000 1 999999999
3 4 1 3
3 1000000000 2 3
999999999 2 1 1
100 100 1 1
201238540 100 49757290 14
100 999999999 1 4861357
1000000000 1000000000 301408972 2
100 999999999 1 2
1000000000 1000000000 2 999999999
501599341 999999999 2 3
100 100 99 99
1000000000 354487415 2 1
598618548 1000000000 1 2
1000000000 100 99694839 3
1000000000 3 3 1
427727826 1000000000 3 1
992439437 2 2 1
999999999 1000000000 3 3
704993648 595827515 1 3
1000000000 1000000000 711006329 2
4 1000000000 1 809590669
100 999999999 1 3
3 3 2 2
999999999 999999999 1 3
100 999999999 3 1
4 4 1 3
3 2 1 1
4 999999999 1 999999998
1000000000 100 2 16
999999999 2 2 1
100 397986566 65 2
2 251894516 1 3
100 2 22 1
1000000000 3 2 2
999999999 2 3 1
2 999999999 1 354427649
1000000000 100 75322340 3
3 2 2 1
4 100 2 71
1000000000 4 3 1
4 999999999 3 1
3 999999999 1 2
1000000000 293794518 859896680 2
100 2 9 1
4 1000000000 3 999999999
999999999 1000000000 2 3
999999999 100 999999998 1
100 102245557 1 1
999999999 4 3 1
100 470997877 1 2
475576299 79599546 62711377 1
3 100 2 3
999999999 100 3 1
4 2 1 1
999999999 100 1 99
999999999 3 2 2
100 461180180 3 3
3 1000000000 1 3
100 4 1 2
999999999 234259462 1 104118482
1000000000 100 3 2
3 348674172 2 208198940
100 1000000000 1 1
4 4 2 3
3 999999999 2 217585714
586838884 999999999 2 2
3 999999999 2 2
999999999 999999999 999999998 2
3 100 2 2
4 999999999 1 3
100 3 2 2
699118378 100 371255050 53
1000000000 100 3 99
999999999 100 1 1
4 100 3 1
4 1000000000 2 374349453
4 999999999 2 2
1000000000 3 999999999 1
4 100 2 1
999999999 4 1 1
804494411 2 1 1
1000000000 2 999999999 1
770491971 1000000000 3 1
999999999 489345280 108542079 3
100 1000000000 99 999999999
3 1000000000 1 1
4 773392332 2 3
2 999999999 1 235322552
365482087 971250614 97597 28576180
241065083 1000000000 1 1
999999999 100 999999998 3
4 4 3 3
999999999 2 999999998 1
100 1000000000 99 1
4 345870621 1 11170728
1000000000 4 999999999 3
4 4 2 2
1000000000 1000000000 3 1
3 1000000000 2 999999999
1000000000 100 999999999 3
999999999 1000000000 1 999999999
100 4 2 3
100 2 1 1
4 4 2 1
999999999 999999999 13776769 2
4 4 1 1
999999999 4 3 3
999999999 1000000000 999999998 2
100 999999999 99 3
1000000000 999999999 1 1
351511977 1000000000 3 1
100 999999999 3 607160337
2 100 1 2
1000000000 4 1 1
671771882 1000000000 458242975 1
3 100 1 1
1000000000 100 450060632 3
3 1000000000 1 197472206
4 100 1 1
3 4 2 2
1000000000 100 2 99
999999999 100 3 99
100 1000000000 3 999999999
100 100 99 1
3 4 1 1
1000000000 1000000000 1 2
999999999 999999999 2 1
4 292678792 1 2
999999999 999999999 2 3
1000000000 1000000000 3 999999999
999999999 4 2 3
251333014 100 1 2
100 3 98 2
543383962 764857696 2 41522173
999999999 4 2 1
999999999 100 1 2
100 100 3 48
100 1000000000 3 881233701
4 999999999 2 1
100 1000000000 99 3
216458893 858261817 2 730048733
4 999999999 3 999999998
4 1000000000 3 1
100 3 3 1
1000000000 2 1 1
999999999 100 2 2
3 999999999 2 478452455
999999999 100 2 11
999999999 3 976671636 2
4 198068727 2 2
999999999 100 1 3
1000000000 999999999 2 3
100 999999999 5 3
100 999999999 2 2
4 3 2 1
100 4 2 2
1000000000 100 2 1
3 750409238 1 2
2 999999999 1 1
632902334 4 3 3
4 413460114 3 2
999999999 1000000000 1 1
2 3 1 1
400638252 4 3 2
100 2 99 1
3 100 2 1
3 440178503 1 1
100 1000000000 2 999999999
999999999 153855548 3 2
2 2 1 1
2 736436882 1 1
100 1000000000 1 3
100 100 1 99
349725997 3 3 2
999999999 999999999 999999998 1
2 999999999 1 3
100 1000000000 1 999999999
100 999999999 3 3
999999999 100 999999998 99
1000000000 100 999999999 2
4 999999999 1 1
759115178 100 3 1
4 999999999 3 3
1000000000 999999999 3 2
999999999 1000000000 1 3
999999999 3 999999998 1
1000000000 999999999 2 999999998
1000000000 723284552 647366837 1
1000000000 3 999999999 2
999999999 999999999 1 713021361
4 3 1 2
100 2 2 1
999999999 1000000000 1 2
569981406 4 2 2
160776118 100 1 1
205684158 100 1 3
914040527 100 1 2
100 999999999 1 913663288
999999999 100 2 99
1000000000 935367125 2 688653704
4 100 1 3
499812538 999999999 1 1
1000000000 4 606716047 3
999999999 3 1 1
2 611627491 1 2
100 999999999 72 3
3 1000000000 2 2
1000000000 1000000000 999999999 999999999
100 1000000000 3 1
3 100 1 99
999999999 4 999999998 3
1000000000 1000000000 999999999 1
2 100 1 99
999999999 1000000000 3 233117279
1000000000 4 3 3
999999999 1000000000 999999998 999999999
3 999999999 1 419422452
999999999 100 2 3
4 1000000000 1 2
3 190048202 1 3
3 4 2 3
100 3 99 2
606735969 100 574575067 9
697757447 999999999 3 614333645
2 1000000000 1 2
1000000000 1000000000 3 165697225
999999999 4 999999998 1
1000000000 100 2 27
4 4 3 1
4 3 3 1
4 1000000000 1 1
4 3 1 1
4 911940777 2 39960172
4 3 3 2
1000000000 2 3 1
100 100 3 3
100 100 2 1
3 1000000000 1 999999999
804684832 197217720 1 153175513
1000000000 999999999 999999999 1
1000000000 84082569 375561153 2
2 3 1 2
713458743 999999999 1 232415301
100 3 1 2
977912389 734778827 532290378 1
999999999 999999999 3 1
100 100 3 1
3 100 1 64
2 999999999 1 999999998
100 1000000000 99 2
4 308024713 3 2
4 100 1 40
100 999999999 2 999999998
19089712 3 3 1
100 4 3 1
999999999 3 768481208 2
100 1000000000 2 1
3 332461468 2 3
3 100 1 3
100 999999999 43 2
2 1000000000 1 621800414
474573491 100 2 2
100 4 3 3
779009402 100 3 3
4 999999999 3 2
404696558 1000000000 344580310 355699065
377279890 1000000000 2 469488179
1000000000 1000000000 1 3
999999999 1000000000 3 2
1000000000 999999999 1 2
4 999999999 2 999999998
1000000000 100 3 3
1000000000 3 2 1
999999999 999999999 3 361042743
100 4 99 2
702326696 999999999 3 1
142421367 2 48241495 1
999999999 999999999 2 2
4 100 2 3
999999999 3 1 2
100 999999999 3 999999998
2 100 1 3
4 1000000000 3 2
2 100 1 1
999999999 999999999 3 2
999999999 4 1 3
1000000000 1000000000 2 3
1000000000 100 3 1
100 999999999 1 1
3 402700402 2 1
999999999 100 2 1
999999999 3 3 1
3 999999999 1 3
998645846 2 2 1
100 100 2 3
100 4 84 3
100 1000000000 1 2
4 1000000000 2 812085677
588175668 2 2 1
100 3 1 1
4 1000000000 1 3
100 3 2 1
1000000000 100 1 99
3 637320062 1 460765579
100 1000000000 3 2
999999999 3 2 1
100 4 1 1
1000000000 1000000000 3 3
100 1000000000 2 3
999999999 100 3 3
1000000000 1000000000 3 2
1000000000 4 2 1
3 999999999 2 999999998
1000000000 100 2 2
1000000000 999999999 3 999999998
4 100 2 2
900930753 3 3 1
4 40276081 1 3
100 999999999 99 2
100 100 2 99
999999999 388726895 726514352 2
3 4 2 1
2 4 1 1
1000000000 999999999 3 3
1000000000 999999999 3 1
999999999 4 2 2
100 100 99 2
4 2 3 1
163592637 549432548 2 110629430
1000000000 999999999 999999999 3
543390985 2 25843304 1
407111787 999999999 158724311 2
999999999 1000000000 999999998 3
999999999 3 999999998 2
100 916630865 1 2
268284003 3 3 1
1000000000 4 999999999 1
1000000000 2 592728920 1
2 1000000000 1 1
2 1000000000 1 999999999
1000000000 100 1 3
4 100 1 2
999999999 100 999999998 2
999999999 4 3 2
1000000000 1000000000 2 2
100 999999999 99 1
3 999999999 2 3
1000000000 999999999 999999999 999999998
4 100 2 31
402854259 831040336 3 3
3 49194494 2 1
270079655 4 13920983 1
564769898 999999999 3 3
4 1000000000 2 999999999
755742919 1000000000 2 2
1000000000 100 2 3
1000000000 748176992 2 3
1000000000 4 2 2
3 1000000000 2 1
999999999 999999999 999999998 999999998
999999999 999999999 3 999999998
1000000000 100 999999999 99
1000000000 999999999 2 756841576
1000000000 3 1 2
999999999 878891013 1 3
4 100 1 99
452792670 1000000000 2 115192647
1000000000 4 2 3
100 999999999 99 999999998
2 4 1 2
1000000000 3 198570665 2
4 4 1 2
100 999999999 3 2
100 4 99 3
4 2 2 1
2 999999999 1 2
1000000000 999999999 90055928 1
100 1000000000 2 2
999999999 999999999 999999998 3
100 4 1 3
1000000000 1000000000 999999999 3
3 100 1 2
1000000000 1000000000 2 1
207868204 1000000000 2 225202610
588778144 302958057 3 3
1000000000 4 999999999 2
100 999999999 1 999999998
3 3 1 2
3 3 1 1
100 4 99 1
3 999999999 1 1
100 1000000000 3 3
377173489 999999999 3 1
4 4 3 2
100 100 2 2
4 1000000000 3 3
4 999999999 2 3
3 387806766 2 3
1000000000 999999999 2 47219043
4 999999999 1 2
999999999 1000000000 999999998 1
66434218 3 2 2
999999999 999999999 1 1
4 100 3 99
999999999 1000000000 2 2
999999999 1000000000 3 218565021
4 100 3 3
1000000000 1000000000 244626410 3
100 999999999 2 3
3 1000000000 1 2
568263512 100 2 43
1000000000 100 1 1
1000000000 4 1 3
100 999999999 2 1
1000000000 1000000000 1 1
1000000000 999999999 2 1
4 410312616 3 176330867
3 565428755 1 2
1000000000 100 1 2
999999999 999999999 1 2
312920545 1000000000 309279031 2
100 2 3 1
999999999 100 3 2
630783940 100 3 2
1000000000 2 2 1
4 1000000000 2 1
1000000000 999999999 1 3
3 4 1 2
100 100 99 3
100 3 99 1
1000000000 1000000000 990110168 2
1000000000 999999999 1 999999998
100 100 1 3
999999999 1000000000 2 1
1000000000 916764387 127932786 3
999999999 999999999 470395372 2
3 100 2 99
4 1000000000 2 2
100 1000000000 3 875437474
1000000000 4 1 2
803061495 4 3 3
999999999 4 627313199 3
1000000000 1000000000 1 999999999
1000000000 100 3 62
1000000000 999999999 2 2
999999999 1000000000 488516079 1
999999999 1000000000 3 780175482
100 3 3 2
