65
2 3 5
1 3 100
74116 111994 1493371909130523
1000000000000 1 1000000000000
2 3 1
4175966084693454 5040165207533386 1846283425419327
7 12 6439637337963783
1 1 7851116204037232
9334 14595 5458585253152592
7861 11257 5477539912208008
6396320710057362 7814230344468181 3183274048075890
49127 75508 3693288613316216
5 8 550103143310362
6 6 3465509398779757
1 1 3771679948420674
4 4 4198590241362000
9706554173387903 5097740681849255 2095245244912381
1 1 1000000000000
2 3 9429605562755370
5 9 2462869142646418
9 15 5802491041437611
10 13 3337041873753082
8272 10247 5338458442301888
48878 70096 1422160026469748
5 1 100
3 5 840843200459482
2 2 1081292147434158
9966606336937688 9740005473217677 583445907010364
8025714536856354 9903000027803061 904922510325972
4930 6317 3001060110844245
52245 85277 3528041057867931
314 512 133769420
2 3 2
7 7 6977204123379581
60280 106158 382504020903546
26597 37816 4245730305851899
6 9 497087563
3865717696012301 6136029900710052 3321279115901350
4 4 1760792368134037
1 1000000000000 1000000000000
19716 29416 841088842498107
9 17 7379218941168776
6 9 2903294259185990
1 1 6044898352400565
4 7 6988873275022466
725831654114702 4541733210835335 2742887072719959
13973 26419 3513626523439425
99838 101928 3638110057611840
1000000000000 1 1
650920191250544 3690753017565881 4021727189586015
2 2 5384712727499747
13988 25555 2154753727553324
80006 121046 2203488461171151
259149987802241 6689368820300403 3534721002568495
2 2 9825445613196928
4 6 2271224666368145
314 512 1024
10 13 11234567890
3626621529746551 3995165959615617 3319701929960343
9 10 9259928947805118
5 7 4495587747091262
10 13 8689503031950123
9545048558841825 6899255672076999 9272818149758853
1 1000000000000 1
2407 4810 850600912749360
